[48, 10, 216, 121, 347, 473, 379, 419, 426, 146, 273, 281, 134, 494, 382, 476, 493, 249, 53, 37, 421, 469, 362, 6, 23, 32, 60, 334, 463, 446, 269, 38, 373, 147, 245, 13, 151, 25, 254, 480, 137, 236, 215]


[23, 10, 216, 121, 347, 473, 379, 419, 426, 146, 48, 273, 134, 281, 494, 382, 476, 493, 249, 53, 37, 421, 469, 362, 6, 32, 60, 334, 463, 446, 269, 38, 147, 373, 245, 254, 13, 25, 151, 480, 137, 236, 215]


[6, 10, 216, 121, 347, 473, 379, 419, 426, 146, 48, 273, 134, 281, 362, 494, 382, 476, 493, 249, 53, 469, 37, 421, 23, 32, 60, 334, 463, 446, 269, 38, 147, 373, 245, 236, 13, 25, 254, 151, 480, 137, 215]


[10, 216, 121, 347, 379, 473, 419, 426, 146, 48, 273, 134, 281, 494, 382, 476, 493, 249, 53, 362, 37, 421, 469, 6, 23, 32, 60, 334, 463, 245, 446, 269, 254, 38, 147, 373, 13, 25, 151, 480, 137, 236, 215]


[10, 216, 121, 347, 473, 379, 419, 426, 146, 48, 273, 134, 281, 494, 382, 476, 493, 249, 37, 53, 421, 469, 362, 6, 23, 32, 60, 334, 463, 446, 269, 38, 147, 373, 245, 13, 25, 137, 254, 151, 480, 236, 215]


