[6, 830, 599, 10, 216, 603, 121, 347, 732, 473, 379, 419, 426, 146, 657, 770, 945, 48, 273, 743, 573, 737, 134, 281, 494, 382, 703, 476, 855, 493, 824, 249, 53, 822, 736, 421, 37, 610, 845, 612, 362, 469, 989, 23, 992, 775, 708, 786, 32, 60, 334, 937, 463, 446, 914, 269, 38, 147, 245, 967, 886, 849, 986, 373, 13, 25, 718, 887, 254, 539, 669, 751, 151, 987, 480, 137, 585, 236, 35, 984, 592, 12, 598]


[35, 830, 599, 10, 216, 603, 121, 732, 347, 473, 379, 419, 426, 146, 657, 48, 770, 945, 273, 573, 743, 737, 134, 281, 494, 382, 703, 493, 855, 476, 824, 53, 249, 822, 736, 37, 610, 421, 845, 469, 989, 775, 362, 992, 6, 612, 23, 708, 269, 786, 32, 463, 60, 334, 937, 147, 446, 914, 38, 886, 967, 849, 986, 373, 245, 13, 25, 718, 254, 539, 669, 751, 151, 987, 480, 137, 887, 585, 984, 236, 592, 12, 598]


[6, 830, 599, 10, 216, 603, 121, 732, 347, 473, 379, 419, 426, 146, 657, 770, 945, 48, 273, 573, 743, 737, 134, 281, 494, 382, 703, 476, 855, 493, 824, 53, 249, 822, 736, 37, 362, 610, 421, 845, 469, 989, 992, 612, 23, 775, 708, 786, 32, 373, 60, 334, 937, 463, 446, 914, 269, 38, 147, 967, 886, 849, 986, 245, 13, 25, 718, 254, 539, 669, 751, 151, 987, 480, 137, 887, 12, 585, 236, 984, 592, 35, 598]


[12, 830, 599, 10, 216, 603, 121, 732, 347, 473, 379, 419, 426, 146, 657, 770, 945, 48, 273, 573, 743, 737, 134, 281, 494, 382, 703, 476, 855, 493, 824, 249, 53, 822, 736, 37, 708, 610, 421, 845, 469, 989, 362, 992, 6, 612, 23, 775, 786, 32, 60, 334, 937, 463, 446, 914, 269, 25, 38, 147, 967, 886, 849, 373, 986, 245, 13, 718, 254, 539, 669, 887, 751, 151, 987, 480, 137, 585, 236, 984, 592, 35, 598]


[12, 830, 599, 10, 216, 603, 121, 732, 347, 419, 473, 379, 426, 146, 657, 770, 945, 48, 273, 494, 573, 743, 737, 134, 281, 382, 493, 703, 476, 855, 824, 845, 249, 53, 822, 736, 37, 610, 421, 469, 362, 989, 992, 6, 612, 23, 775, 708, 786, 32, 60, 334, 937, 463, 446, 914, 269, 38, 147, 967, 886, 849, 986, 373, 585, 245, 13, 25, 718, 254, 539, 669, 751, 151, 987, 480, 137, 887, 236, 984, 592, 35, 598]


