[20, 830, 599, 473, 426, 603, 732, 245, 945, 249, 539, 421, 643, 269, 743, 657, 845, 775, 463, 262, 770, 669, 37, 236, 708, 479, 211, 469, 147, 989, 23, 736, 446, 568, 53, 658, 32, 137, 70, 159, 198, 967, 807, 610, 726, 292, 397, 56, 550, 84, 44, 289, 379, 827, 317, 109, 935, 573, 786]


[44, 830, 599, 473, 426, 603, 732, 245, 945, 249, 539, 643, 421, 743, 269, 657, 845, 463, 775, 262, 770, 669, 37, 211, 236, 708, 479, 469, 147, 989, 23, 446, 568, 736, 53, 658, 32, 137, 70, 159, 198, 967, 807, 610, 726, 292, 397, 56, 550, 84, 289, 373, 379, 827, 317, 109, 935, 156, 573, 347, 10]


[32, 830, 599, 473, 426, 603, 732, 245, 945, 249, 539, 421, 643, 269, 743, 657, 845, 463, 775, 262, 770, 669, 37, 236, 708, 479, 211, 469, 147, 989, 23, 446, 568, 736, 53, 658, 137, 70, 159, 198, 2, 967, 807, 610, 726, 292, 397, 56, 550, 84, 44, 289, 379, 827, 317, 109, 935, 882, 573, 347]


[32, 830, 599, 473, 426, 603, 732, 245, 945, 249, 539, 421, 643, 269, 743, 657, 845, 463, 775, 262, 770, 669, 37, 147, 198, 236, 708, 479, 211, 469, 989, 23, 446, 568, 736, 53, 658, 137, 70, 159, 967, 807, 571, 610, 726, 292, 397, 56, 550, 84, 44, 289, 379, 827, 317, 109, 935, 882]


[37, 830, 599, 473, 426, 603, 732, 245, 945, 249, 539, 421, 643, 269, 743, 657, 845, 463, 775, 262, 770, 669, 236, 708, 479, 211, 469, 147, 989, 23, 446, 568, 736, 53, 658, 32, 137, 70, 159, 198, 967, 807, 610, 726, 292, 397, 56, 550, 84, 44, 289, 379, 827, 317, 109, 935, 156, 452]


