[29, 271, 423, 20, 323, 242, 432, 490, 169, 273, 157, 391, 292, 268, 96, 307, 498, 12, 106, 265, 375, 89, 475, 294, 211, 147, 113, 302, 74, 46, 204, 422, 1, 85, 479, 343, 164, 63, 120, 163, 233, 472, 483, 26, 384, 64]


[1, 271, 423, 29, 20, 323, 242, 432, 490, 169, 273, 157, 292, 391, 96, 268, 307, 12, 498, 106, 475, 265, 375, 89, 294, 211, 147, 46, 113, 302, 204, 74, 422, 85, 479, 343, 164, 120, 163, 233, 472, 483, 26, 64, 203, 76]


[20, 271, 423, 29, 323, 242, 432, 490, 169, 273, 157, 391, 292, 96, 268, 307, 12, 498, 106, 265, 375, 89, 475, 294, 211, 147, 113, 302, 163, 74, 46, 204, 422, 85, 479, 343, 164, 120, 472, 233, 425, 483, 26, 1, 64, 203]


[1, 271, 423, 29, 20, 323, 242, 432, 490, 169, 273, 157, 391, 292, 96, 268, 307, 498, 12, 106, 265, 375, 89, 475, 294, 211, 147, 113, 302, 74, 46, 204, 422, 85, 479, 343, 164, 120, 163, 233, 472, 483, 26, 64, 203, 76]


[1, 271, 423, 29, 20, 323, 242, 432, 490, 169, 273, 157, 391, 292, 96, 268, 307, 498, 12, 106, 265, 375, 89, 475, 294, 147, 211, 113, 302, 74, 46, 232, 204, 422, 85, 479, 343, 164, 120, 163, 233, 472, 483, 26, 64, 76]


