[37, 473, 426, 245, 249, 421, 269, 463, 262, 236, 479, 211, 469, 147, 23, 446, 53, 379, 32, 137, 198, 70, 159, 292, 397, 56, 84, 44, 289, 10]


[37, 473, 426, 245, 249, 421, 269, 463, 262, 236, 479, 211, 469, 147, 23, 446, 53, 32, 137, 70, 159, 198, 292, 397, 56, 84, 44, 289, 379, 10]


[6, 473, 426, 245, 249, 421, 269, 463, 262, 37, 236, 479, 211, 469, 147, 23, 446, 53, 32, 137, 70, 317, 159, 198, 292, 397, 56, 84, 289, 379]


[10, 473, 426, 245, 249, 421, 269, 463, 262, 37, 236, 479, 211, 469, 147, 23, 446, 53, 32, 56, 137, 70, 159, 198, 292, 397, 84, 44, 289, 379]


[10, 473, 426, 245, 249, 421, 269, 463, 262, 37, 236, 479, 211, 469, 147, 23, 56, 446, 53, 32, 137, 70, 159, 198, 292, 397, 84, 44, 289, 379]


