[26, 271, 883, 423, 946, 29, 721, 852, 432, 20, 323, 637, 242, 767, 668, 490, 169, 926, 583, 273, 694, 757, 838, 157, 391, 292, 758, 764, 96, 268, 675, 307, 538, 498, 659, 546, 895, 909, 12, 842, 849, 986, 106, 265, 833, 574, 375, 562, 921, 988, 89, 475, 524, 294, 211, 163, 597, 952, 147, 113, 302, 74, 663, 938, 505, 46, 204, 724, 422, 959, 665, 85, 479, 855, 343, 584, 164, 958, 739, 120, 233, 472, 483, 1, 851, 567, 606, 64, 203, 589, 607, 662, 76, 799]


[26, 271, 883, 423, 946, 29, 852, 721, 20, 323, 668, 637, 242, 432, 767, 490, 926, 169, 583, 694, 273, 757, 838, 157, 391, 758, 764, 292, 96, 268, 675, 307, 538, 498, 659, 546, 895, 204, 909, 12, 842, 849, 986, 106, 265, 833, 574, 375, 562, 294, 921, 988, 89, 475, 524, 597, 211, 952, 147, 113, 302, 74, 663, 938, 46, 724, 422, 959, 505, 665, 85, 479, 855, 343, 584, 164, 958, 739, 120, 163, 233, 472, 483, 1, 851, 567, 606, 64, 203, 589, 607, 662, 76, 384]


[1, 271, 883, 423, 946, 29, 721, 852, 20, 323, 637, 242, 432, 767, 668, 490, 926, 169, 583, 694, 273, 838, 757, 157, 391, 758, 764, 538, 849, 292, 96, 268, 498, 675, 307, 302, 659, 546, 895, 909, 265, 12, 842, 986, 106, 833, 574, 375, 562, 921, 988, 89, 475, 524, 294, 597, 211, 952, 147, 113, 74, 663, 938, 46, 204, 724, 959, 422, 505, 665, 85, 479, 855, 343, 584, 567, 164, 958, 739, 120, 384, 163, 233, 472, 483, 26, 851, 606, 64, 203, 589, 607, 662, 76]


[12, 271, 883, 423, 946, 29, 721, 852, 20, 323, 637, 242, 432, 767, 668, 490, 926, 169, 583, 694, 273, 757, 838, 157, 391, 758, 764, 292, 96, 268, 675, 307, 538, 659, 498, 724, 546, 895, 909, 842, 849, 986, 106, 833, 265, 574, 375, 562, 921, 988, 89, 475, 524, 294, 597, 211, 952, 147, 113, 302, 74, 663, 938, 46, 204, 422, 959, 505, 665, 85, 479, 855, 343, 584, 164, 958, 739, 120, 163, 233, 472, 483, 1, 26, 851, 567, 606, 64, 203, 589, 607, 662, 76, 384]


[26, 271, 883, 423, 946, 29, 721, 852, 20, 323, 637, 242, 432, 767, 668, 490, 583, 926, 169, 694, 273, 757, 838, 157, 391, 758, 764, 292, 96, 268, 675, 307, 538, 498, 659, 546, 895, 909, 12, 211, 842, 849, 986, 106, 988, 265, 833, 574, 375, 562, 921, 89, 475, 938, 524, 294, 597, 952, 147, 113, 302, 74, 663, 46, 204, 892, 724, 422, 959, 505, 665, 85, 479, 855, 343, 584, 164, 589, 958, 739, 120, 163, 233, 472, 575, 483, 1, 851, 567, 606, 64, 203, 607, 662]


